 14.443386  13.078206  29.249728  11.248046   9.125776  10.324517  13.263542  14.114217  13.291427   8.459409  20.142943  12.663313  14.548298  11.563842   8.199266  10.052612  16.556443   5.322691  11.863754   9.679738   9.867448  10.881022   7.087815   8.684975  11.205528   7.863685   7.657537   8.882358   6.094217   7.618873   5.226393  10.651227   4.119598   9.173137   6.414521   6.502881   6.307518   5.270210   4.210210   8.093170   9.071587   5.011524   8.476723   7.383865   5.524971   6.020744   7.130470   6.656680   3.489013   6.955782
 21.619519  36.115807  20.605990  29.773788  16.365399  15.829869  17.866881  15.906819  14.600300  18.837347  16.124841  15.458037  16.126234  12.349376  13.843842  20.693561  13.999333  14.215839  19.771538  15.205478   9.059823  13.131247  11.809137   9.840634   8.345195  11.478310  13.292486  14.019883  15.190781   9.701874   9.291785  14.441986   9.534315  14.532926  10.814178  11.507763  13.336273  13.708733  14.936632   8.865880  12.160435  15.301997  10.123300  11.338780   9.965554  11.610780   8.145062   9.043947  10.245999  18.014330
 23.092290  35.772378  20.193644  20.561064  20.239288  30.402114  19.871754  17.016461  18.438720  14.937768  22.733114  14.662833  16.016936  17.884051  19.389847  17.531742  10.377165  15.025816  15.501677  12.372777  14.163210  14.576393  12.962953  14.987809  14.707516  13.635789  17.166559   9.230096  10.424744  17.903638  12.559301  12.691937  11.865639  10.977789  13.682955  12.571637  14.092245  14.733832  10.610089  14.389847  11.707552  10.476703  10.306988  11.802810   6.723817  12.356011   8.524287  11.626743  10.370385   9.118563
 22.875900  20.762944  24.052856  23.375255  15.971620  21.901176  28.948430  23.683766  21.708660  24.249322  15.689673  16.943084  17.304635  19.355583  15.760557  14.582772  18.254020  17.782348  17.007972  18.860253  15.341514  18.415724  18.520341  15.456050  14.326228  13.900525  14.598589  14.340215  12.308520  19.393344  14.009158  15.975466  11.819126  10.223969  12.025856  16.630455  11.318056  12.048267  12.509470  13.796739  14.896392  13.109197   9.851340  11.995151  11.366108  11.279964   9.125048   8.065455  10.972401  12.906640
 24.619438  33.758780  28.092545  28.077649  31.254733  22.246294  22.184094  28.946927  18.877595  28.030093  23.130393  24.720809  22.482855  22.558286  22.868402  25.839302  17.762412  22.874270  11.738032  18.017170  17.973282  20.149768  17.562400  17.089680  17.436627  15.440250  16.307484  11.499430  14.873991  17.716842  13.789034  16.588540  17.267911  15.229743  10.463053  15.213811  12.333579  13.659780  13.516857  14.308255  10.349308   9.597338  13.466785  12.588088   8.744382  13.554508  12.422292  12.620716   8.398107  13.192532
 26.257507  26.782981  28.767753  25.266794  29.052222  24.532959  27.121077  23.751788  24.977281  25.344640  24.749541  16.994989  19.805241  22.246412  24.473601  16.454961  24.426028  20.588588  25.895585  19.618608  15.914509  18.883646  15.890294  19.601024  20.210453  14.006090  17.450394  16.114918  17.584777  14.027964  14.792306  22.045479  14.208397  15.306841  15.536451  16.037027  15.916892  19.792106  18.132653  19.694361  10.273254  15.012925  13.316936  11.020208   8.538458   9.599737  12.708925  11.536406   8.164172  11.759290
 27.463978  32.244010  38.378695  29.195632  28.637026  26.226176  22.537106  24.661535  24.303701  25.660083  22.276002  22.625541  25.582722  22.257623  21.295508  19.330083  18.740729  18.961870  16.127157  19.806553  24.695640  18.842529  17.384988  17.649560  13.556429  20.115416  25.436991  22.784305  15.945267  10.176159  13.965329  18.947752  18.133089  11.526845  15.406450  13.090441  19.726589  17.437602  16.442189  10.470029  11.800764  14.257824  10.172536  11.664489  12.308778  15.927736   9.170555  11.310025  17.217975   8.649725
 24.337135  28.085204  33.617319  33.324880  28.262457  28.498915  29.703343  27.243640  26.895331  31.942255  41.113169  23.304606  25.246309  34.742020  27.259005  23.652922  20.826570  27.883445  20.886115  20.054605  20.400013  15.006914  20.103728  17.450809  27.366177  15.163420  18.862157  22.299912  20.260127  23.418434  15.824351  16.783536  16.098326  16.109592  12.784616  17.215359  13.797833  15.940544  17.634855   9.609363  13.448811  12.426398  21.073133  12.889016  11.113762  12.006794  10.715672  10.563326  13.308692   9.684127
 27.613551  30.642229  39.111234  36.962130  32.179955  33.952325  28.326379  24.957600  33.748718  29.515632  32.221422  30.276350  26.703297  23.360531  21.295085  24.836663  19.642875  21.744924  21.309086  27.083209  28.485862  19.400527  20.286068  17.727257  16.052021  12.451050  16.060557  18.483086  21.321481  25.259277  14.855258  14.093280  13.741477  16.471659  14.319096  11.752218  17.843310  19.194540  10.010375  13.679059  10.362248  15.207827  12.358069  14.849240  10.422183  14.555340   9.085372   8.150733  13.390115  11.097694
 26.071113  38.920614  44.554949  31.088764  29.549450  27.079629  32.122031  30.712329  29.287277  22.979262  26.723293  28.676325  26.890987  27.771363  23.112549  28.215595  22.765281  19.353740  21.232007  13.796268  18.805547  22.076674  19.304680  20.383440  15.013942  20.093181  18.950362  13.828582  15.341821  15.720082  19.275349  13.229321  13.238943  11.798084  18.568762  19.606555  18.023644  14.965035  13.415778  13.328403  14.366379  17.828758  18.605224  13.599388  11.799724  11.312377  10.034558   9.097043  12.922519   9.770624
 23.608877  33.041781  41.496258  33.178895  32.700910  35.130273  40.514633  39.609221  43.162757  27.818068  27.064485  17.837589  26.702119  33.520340  29.347383  29.740555  33.205637  24.862710  27.245038  22.004314  23.856328  26.004192  21.231994  20.585193  23.518135  17.009432  18.731598  21.195733  17.572971  18.132855  18.007190  19.891627  18.321748  18.758798  16.023056  16.340285  19.497302  19.254307  17.029630  12.224476  12.540035  14.010767   9.159437  12.861523  18.871344  13.032849  16.272214  12.649336  11.198970  12.718861
 36.183199  38.598952  42.684364  39.995778  41.938540  37.156809  37.888420  34.544443  32.934873  26.371575  26.107995  35.185986  27.681209  24.857365  24.861516  33.255581  26.620446  22.224760  27.416035  19.478990  29.481171  18.604778  22.805555  29.359985  26.468767  17.811376  18.494906  23.473802  16.705947  15.026926  13.375325  16.783569  16.232887  16.136416  14.531454  20.747152  16.715590  24.586572  13.635946   9.445954  12.992919  12.361317   7.441365  13.637708  13.269584   9.629141  10.924604   9.063548  15.444443   9.096534
 30.133374  35.226174  42.768650  38.968834  37.082361  50.143357  36.891272  32.906495  28.592987  34.734086  29.019826  28.590040  33.334723  30.250077  32.776938  33.647974  35.223629  26.634927  31.284061  18.707627  20.021253  20.994777  28.444198  17.413109  23.941588  16.880254  20.630741  21.540820  18.856504  22.454355  13.896654  16.644920  16.064834  15.033146  15.358342  21.116432  12.933602  15.944085  14.152727   8.194703  14.110915  15.225072  13.711399   9.391334  16.157859  11.148348  13.387258  10.773215  11.331970  12.824445
 27.347337  39.119618  39.772071  32.796687  37.078142  36.341599  27.703000  33.806683  32.307373  34.608072  33.772893  33.999030  31.073105  45.710103  28.464439  27.091809  33.605490  28.846481  26.887381  27.136861  27.458071  25.703679  17.400971  18.871668  22.360495  16.365380  21.115248  23.865047  14.979337  24.552955  19.881473  19.391657  16.772960  15.855058  14.702311  20.404215   6.304944  15.227675  18.354086  14.049419  15.007033   7.621733  18.017043   9.069401  14.482343   6.854719  13.620640   7.952481  12.877736   7.221703
 25.298702  31.546707  34.611011  42.178420  37.232150  40.428970  42.703018  57.540693  33.712391  40.820871  43.052556  34.179082  39.605078  40.125871  28.693918  34.659464  33.545717  38.451729  39.076989  27.648708  29.581238  24.603185  23.704751  26.903475  22.803492  26.954146  26.629795  25.771879  22.853315  20.985216  17.405410  15.073353  18.588151  17.323551  22.460390  11.852088  10.629511  13.795853   5.455459  17.376088  15.559886  16.892812  16.757737  13.832744   5.985590  14.523398  11.022198   9.184491   9.098769   5.422627
 30.479491  41.771225  34.529429  36.995834  41.143460  41.563630  35.105810  35.485516  36.591607  40.317044  35.766206  35.604141  31.964221  34.848368  28.642028  29.292973  34.430325  32.955374  32.575427  25.221468  29.423080  25.153978  20.289980  18.768088  21.184054  20.420781  21.915212  27.038784  17.164604  22.614905   6.786328  16.524394  20.222526  17.963099   6.800741  16.919521  14.052872  15.025477   9.353656  15.113746  14.428726  11.907013   6.061441  13.482294   8.787869  10.805429  17.096270   7.071768   7.741578  10.317048
 31.465654  39.416106  42.319043  41.324710  40.116433  50.448105  36.460291  31.639962  39.842838  28.990826  31.894871  44.203960  39.796741  47.927540  23.607425  36.944637  28.388342  26.906025  25.264829  23.234031  22.298231  26.015438  30.635182  27.909293  22.805750  21.982872  29.796349  31.127972  10.372211  15.636107  20.213156  18.666393  20.094339  18.982696  20.777840  16.059392  19.004183   7.424122  12.022854  11.551249  10.802851  16.642683  15.475116  10.519094   6.091840   7.997437  12.099899  17.269323   8.596770  15.472628
 38.052756  44.086194  50.024007  42.208878  43.364650  50.007614  46.018979  37.810431  39.808260  55.556162  43.699869  30.242219  30.019304  28.908657  27.457241  36.346494  30.815568  29.784845  29.159830  25.305850  33.031305  33.282337  31.370860  23.273331  31.788084  33.042056  37.680992  23.219086  20.341167  24.935182  25.627267   9.489234  14.462326  14.680338   9.407709  17.953614   6.621743  16.925734   8.260227  14.099863   5.772891  17.078411  18.557781   6.582015  14.105359   4.974698  12.510355   7.942695  10.259467   9.097054
 33.409135  46.250863  47.083600  34.174261  42.529867  40.647870  34.466238  42.717635  46.408183  37.691123  48.986384  39.420858  27.500254  30.666686  28.414381  32.218106  34.554080  35.354647  28.523210  40.397823  27.143980  17.879363  21.491880  25.847893  34.675470  32.574355  26.005731  24.952705  20.776285  28.693734  29.511503  18.745524  13.387711  21.905224  14.942360  20.558495  12.239113  15.808803  13.014594  11.948254   7.458711  14.845085   7.423664  13.369724   4.831267  12.112203  10.227349   9.706235  11.108401   4.125790
 27.351729  44.878921  42.630035  47.344032  43.339262  48.449332  54.733203  49.260314  45.524163  38.969768  43.845409  40.207968  26.566828  35.525514  49.566546  35.923914  33.728561  40.592837  32.037935  37.841179  23.593553  25.311251  30.441893  14.370418  21.374277  26.776155  28.939735  26.115570  19.228304  22.870593  20.253677  19.595489  24.679777  20.021865  18.030573   6.001533  18.317675  11.182385   3.981349  15.580536  22.872618   5.049282  10.315249   8.269938  13.288454   6.016168   8.150460   7.015214   8.744599   4.946503
 32.615821  37.892866  45.260327  48.043466  35.621575  48.296484  50.867619  49.099228  39.889074  43.839542  37.954844  43.155034  35.393067  45.014325  25.512807  27.293306  32.687862  30.954193  28.583460  27.822525  33.750508  28.795023  26.517500  30.712450  37.940269  16.685565  26.679374  25.750043   8.553813  21.406967  15.088450  23.651375   8.406865  13.707000  19.790993   5.251018  13.795331   8.491908  13.381711  16.426429   9.311063  10.477882   6.964587  17.256769  11.981304   6.029274   6.915139  11.886726   8.127706   5.252538
 29.074172  35.257114  37.466704  46.412550  41.926266  42.319345  56.312901  47.057826  45.479097  47.011323  63.380672  69.432500  46.625533  45.360922  61.662512  58.840913  47.278105  42.759174  30.714483  31.636636  35.429288  42.227022  26.604748  18.071635  31.200966  26.902636  23.732266  28.612280   5.178672  16.235155  14.919428  17.824836   9.118605   5.870139  14.082724  18.661740   6.459692  19.595035  10.245434  15.352971   5.219775  10.709200  14.042035   6.346385  14.544563   6.526761  13.326694   6.882189  13.497000   4.289940
 29.888167  35.445015  52.574870  46.361265  41.652771  53.041523  36.610641  51.717099  49.684818  55.430703  42.191702  55.082143  39.376666  35.349397  42.513935  40.809358  35.528595  36.346336  37.000349  33.062561  33.455833  48.922346   4.624444  25.940061  33.135352  24.439559  33.433738  38.399682  19.790420  24.298622   4.716890  21.178334  18.724400   5.958645  17.116932   7.604707   6.566340  17.349293   9.338427  12.775640   4.725619   7.741857   8.583174   9.444832   9.753848   6.933755  10.371294   6.540961   6.160143   7.800638
 33.283120  33.308303  48.339321  35.787530  44.876483  52.209181  50.225456  53.890578  50.941103  55.716738  48.813700  40.739581  46.852033  40.221411  55.413071  32.728670  32.562855  38.366836  39.178505  45.896713  40.471477   5.307358  22.474477  32.479544  33.703418  45.554007   4.949005  10.696345  17.906859  22.972103  20.381242   8.017432  17.057177   4.826445  14.921564  16.566835  16.328917   5.317478  16.899235   4.405863   7.502437   4.348657  11.652730   5.225397  11.554441  10.416868   6.135393   9.512111  11.539213   7.590999
 26.309844  39.477909  46.982756  45.737857  50.237786  66.549906  58.615507  68.065432  61.273766  54.661437  53.343901  50.042761  49.283680  39.575055  44.196188  36.360406  49.067755  41.175441  31.293420  37.002615  33.545404  34.414804  26.066530   8.709062   8.118873  18.484974   5.487302  22.255013  26.630575  15.879209  23.812581  25.045313   4.847636  17.387547  12.381323  20.492890   7.272053  19.667644   7.134580   6.974259   5.061797   3.946586   7.634843   5.742281  10.363239   5.592330   9.960344   6.148344   5.637314   5.563168
 29.851189  42.963654  50.071975  55.931776  58.524735  54.841649  47.942926  50.864848  55.210260  54.976263  46.590694  55.130006  44.891280  33.467804  46.873444  53.162570  63.868466  62.073466  65.701180  34.842495  35.508263  43.867874  40.752056   6.724527  21.287788  22.798998  36.878011  20.622275  24.331867  29.088279  25.928002   5.159716   8.638342   7.743474   8.345317  14.585427   4.804977   7.230735   5.405374  13.858145   4.937062   8.303419   6.017754  11.573106   3.927250  11.580921   4.965623   3.943456  13.027792   5.979039
 33.591182  37.262778  50.441665  54.148844  61.240945  51.580220  39.219595  55.886402  50.595096  58.020149  57.867475  57.541720  40.020314  48.987488  49.069341  48.274895  51.676966  34.929873  38.127860  33.325615   4.763038  22.099177  30.995213  34.198291  23.395841  29.108437   4.593395  13.054946  21.410498  27.592839   4.324415   9.417606   9.404679  21.641075   4.131714   8.882823   4.330306   7.710232   7.240788   5.033567   8.876234   4.881589   5.407926   6.126231   7.984907  12.214658   5.878861   6.053085   6.142524   5.267919
 28.222518  44.691602  50.727369  54.229388  45.757242  49.587816  63.911342  71.018731  68.600262  73.538798  43.533197  70.864161  43.922957  47.718921  50.132466  68.844692  60.527531  45.493816  39.498674  32.846675  35.431977  36.051206  30.379350   4.385818  11.626040  22.894833   6.244478  21.611985   5.158825  18.568928  11.806941   4.914360  15.746546  27.640814   5.754237  18.994101   9.457175  14.826766  10.671222   5.096052   8.612213  15.888495   3.763189   7.483370   4.756577   7.393826   6.474028   6.005363   9.584061   6.645154
 30.938711  42.456106  47.481517  41.175168  50.624659  61.423040  60.780508  73.225193  59.299794  64.319122  61.011030  68.714343  32.641789  45.504434  47.721281  48.495618  35.072986  39.780661  35.885510  52.754260  30.536818  29.062148   6.615665  23.601532  29.443677   4.997305  10.646466   4.380145  10.711138  24.003443   5.053578   6.153393  18.866897   6.105965  18.542026   5.245156   5.315074  13.918533   4.838461   6.102323  24.302344   5.366583   4.603373   5.227306   5.121578   5.711391   4.613707   5.156882   9.349558   6.642669
 32.975043  44.084142  59.662447  46.763345  53.596445  58.443664  52.520259  38.159403  48.008437  54.154060  64.460291  50.305042  45.915108  54.553542  65.091355  53.984689   5.694861  27.920591  31.677186  28.291477  32.680001  32.740259  27.739048  22.317819  30.281457   4.617654  10.952606  20.524689   7.632969  19.675846   3.622768  10.970970   6.697523   5.758779   6.095734   5.979173   5.130474   4.370621   7.789993   4.948734   4.362141   8.894554   6.955503   4.730391  10.327500   5.184631   8.583361   4.354539   8.338163   5.268377
 30.648847  43.215036  56.790843  61.382684  50.841547  44.518023  49.785047  52.754722  55.313221  61.855050  56.920676  56.790389  46.651251  51.246479  54.126028  57.248462   8.268206  26.047286  27.552677   7.542549  23.929046  33.779106  35.114697   5.585889   9.257319  23.643601  28.845641   4.685294   9.466939   9.700827   5.168182  17.257809   4.343626  10.035470   4.093651   8.881111   5.577709   4.979508   5.751693   4.220090   7.850846   5.455210   7.046331   5.807187   6.934154  10.940264   5.461009   6.455507   8.475650   6.192174
 33.878401  41.417491  47.873239  52.506373  50.995811  52.786459  55.609404  64.252938  57.851020  63.900439  60.971163  54.091039  53.344586  47.324358  58.337546   9.114537  25.576225  31.504111   7.281251  24.768267  24.249691  31.444898  33.702848   4.650846  12.220076   5.183020  20.117739   4.346749  12.341852   5.504530   3.949934   8.993736   4.438966   9.286235   4.239814   7.631672   5.127485   4.747948   8.451980   5.432215  10.211314   5.480741   4.033135   6.844846   4.562293   8.097449   4.850458  13.687721   6.235197   4.053175
 29.932857  43.616079  43.138545  59.288003  48.573179  55.819837  55.862691  59.215853  54.718806  49.578643  79.241553  50.419767  37.583639  41.475992   6.475748  24.815610  28.165857   5.644607  25.702710   7.318921  22.965915  26.300144   5.430376  22.941852   6.656010  24.034775   5.266633   6.441041   4.544645  10.214607   6.920867  13.583701  22.602410   5.208804   6.236461  16.933432   5.280763   4.366793   3.927043   9.300231   3.932167   7.355145   7.151038   7.323432   7.291290   5.870257   5.497079   7.556868   6.876501   5.027887
 38.479487  48.992048  53.248651  45.816350  57.201082  59.356539  63.245142  71.029494  65.667652  71.004552  66.935687  65.803189  74.483772  84.852840   3.933822  16.226350   4.709769   4.344148  17.966931   5.510455  23.821337   7.816069  12.618250  23.739262  30.438008   4.462692  11.726236   5.567814  20.674132   6.898651   3.708871  11.193582   4.330754   7.885260   5.061138   7.137500  11.984751   5.783067   4.355530   7.501588   4.455233   5.469128   3.422395   7.250972   6.262741   8.159314   4.256119   6.541896   8.203314   4.307877
 31.177383  38.614861  52.937080  47.379449  55.392460  72.239777  63.283702  97.004856  77.499155  64.185589  70.624071  64.539586  62.042557  63.653872   4.390199  17.144558  31.898928   5.423061  27.886132   7.859063   8.118550  24.083371   4.635068  14.887679   5.913165  21.538947   3.791242  11.535550   4.560588  10.555412  12.537623   4.444371   9.354178   7.294812   4.382293   9.565681   4.441864   4.260974   7.360052   6.325943  15.115935   5.333247   8.068895  12.693330   5.014880   5.527311   4.992759   5.597173   5.402810   9.497967
 32.571843  53.663181  62.351567  78.914512  53.323172  57.591294  66.221262 105.247847  81.602630  86.314090  81.047860  61.613200  59.621548   5.265725   8.895774   7.277458  26.707759   5.477469   7.928960  21.514344   4.373281  13.814495  22.877936   5.257591   4.289728   9.755163  17.692883   5.009885  10.536997   5.949366   4.788061   5.008245   3.935116   9.597789   3.792882   8.655765   4.260251   7.301383   4.890850   7.101303   3.442345   7.720530   4.960883   4.530993   7.401715   5.363214   7.950489   4.122303   4.666815   4.379742
 31.473442  42.014068  52.806882  52.392391  64.120296  60.898191  62.847504  69.591276  67.710016  63.212172  64.214892  64.755656  74.585159   7.619751  29.239075   6.274287  27.546860   5.007231   6.070478   4.084724  14.583224   4.293619  15.944796   6.435136   6.785507  19.580493   5.698028   5.066686   7.147151   5.044604   5.563471   8.764418   4.347117   9.397390   4.583837   8.206335   3.491136   9.948516   3.462296   9.125070   3.927491   3.482962   7.122942   6.052166   6.460244   5.093823   4.629749   4.431825   6.980693   4.352024
 32.169409  45.740312  42.613085  48.877786  58.242420  68.441376  49.733656  67.846105  73.017129  48.910395  57.762011   7.463589  26.078005   5.440580   5.508208   4.124869  20.278682   4.544155  15.567331  10.203906   3.728229  15.488421  29.389830   5.141647  12.809604   3.846469  15.608270   4.088457  11.375883   4.196957   9.467624   7.800857  19.240948   4.720864   7.916571   5.984265   6.509588   4.726846  10.554950   4.486008   8.396679   3.871250   8.675062   4.964288  10.072151   3.753720   5.752103   6.471571   6.162523   6.260519
 28.802311  49.640181  54.599648  65.561107  56.167451  65.284029   6.384068  30.369133  42.601752  36.962125  45.003422   5.821848   5.000089   6.272531  10.488033   7.810886  27.507073   4.758926  19.592126  31.875555  34.258532   4.897484  15.922749   3.444465  14.590108   3.679930  14.684642   4.977323   4.295592  10.098775   4.266811   9.461817   7.283954   7.544920   6.132297   4.571569   7.582333   5.445401   3.974056   7.924419   4.580554   4.532303   3.662900   7.485832   4.801449   5.076648   5.338415   7.452635   4.615226   4.654637
 30.895972  41.461145  52.868398  41.362276  52.092420  53.189478  61.598923  78.604556  94.791491   4.862861  29.078908  37.083605  37.803950  50.739990   4.273846  20.645955   7.858010   4.608881  17.630240   4.584112  21.187588   4.504714  17.690707   3.724612  14.515042   3.839146  14.632610   4.092964  11.826138   4.427552  11.378388   3.282644  10.008076   3.756526  10.256508   3.601025   7.889010   3.720613   7.134801   3.533838   6.369853   3.979190   3.940989   7.773622   3.828063   4.798015   5.482850   4.388024   6.472539   4.648193
 30.394117  46.701548  63.437611  51.338795  51.950691  56.656705   6.994764  34.592855   5.192052  31.060110   4.733357   6.406409   5.236874   4.600329   3.987611  21.812791  36.181970   6.439376   6.571355   3.691844  19.046656   3.839131  17.723394   3.785741  14.966625   3.888510  13.775050   4.306240  10.820200   4.426173   8.688107   4.336385   8.959191   4.821281   6.170531   3.535439   8.898953   4.025766   8.151652   3.342707   6.995960   4.282260   3.932234   7.529251   6.840802   5.227551   6.995406   4.671870   5.113988   4.072088
 34.759290  42.775701  51.613013  58.627246  59.372124  64.414905  59.210367   7.089140  29.735599  40.916480  58.195226   4.679982   4.371731   4.450229   3.837045  24.975771   4.078830  11.292965   4.996742   3.962597  17.455790   4.064100  15.702959   4.288327  13.384672   3.206235  14.031767   5.859932   3.776590  10.926427   4.577474   3.780096  11.522870   4.749342   5.334259   4.191129   8.092771   3.652537   8.732302   4.243809   8.307018   4.466746   3.889284   7.479272   4.688789   3.987695   4.598139   5.474818   3.541705   7.080380
 31.588078  52.960145  53.101111  53.735357  64.652407  75.005834  82.293722   6.471380   4.619441   5.489193   6.567104  27.570178   4.655151   4.424462   4.936992   4.467256  22.664914   3.752840  22.073874   3.581532  18.303397   3.096801  17.025003   4.370770  17.478674   3.484604  12.297471   4.259083  12.642447   3.775232  12.972867   4.813129  13.530248   3.653459   9.680368   4.316133   8.445962  10.354147   4.462817   4.285782   9.024904   4.203861   4.792792   4.310986   6.967498   3.737137   7.910783   5.195037   5.016526   5.228093
 37.283478  49.121997  59.903303  54.901595  74.907541  68.586985   5.254448  13.547628  31.798587   4.875528  28.666268   4.215796   4.645285  25.963037   4.288009  26.081287   4.042924  15.790111   3.817031  20.098171   3.073906  19.820096   3.933622  16.696848   5.611340   4.117699  11.676449   3.517653  13.220623   4.399650  11.214404   3.753286  13.875088   3.210895   9.721325   3.440133   9.469889   3.493402   8.326748   3.989561   8.138205   3.435244   8.037150   4.925827   3.890704   7.039229   4.220121   3.491002   6.198393   5.193077
 37.257541  54.948257  65.136006   6.118479  29.027355  41.866739  45.171368  57.669532   4.433516   4.463089   4.894752   4.693525   4.114671   4.218311   4.899615   4.063270  23.486994   3.490714  22.698084   3.956576  21.223720   3.432819  17.412230   3.414678  22.565673   3.510610  14.205222   3.790431  16.624117   3.123784  10.692062   3.852915  11.988343   3.657368   9.739492   3.794513   8.545226   4.576675   4.150724   4.111368   8.019327   4.698822   6.320985   4.087329   7.073590   4.291508   3.653612   7.330520   4.405349   3.754097
 37.514752  47.171392  51.796632   8.233419  33.271371  49.147357   5.573607   5.018259   4.323067   4.561044   6.866740   4.492112   3.495264  27.465963   3.718334  20.751140   3.366465  21.052911   3.634695  19.025064   3.934054  19.970906   4.015711  19.318210   3.179096  15.248734   3.156588  18.307646   4.056359  11.046305   5.099774   3.579293  12.984328   5.444456   3.138426   8.486185   5.745766   3.274827   8.216206   3.909200   8.827350   3.820609   3.984056   3.576686   7.223859   4.330479   3.963792   6.709467   5.391844   5.439889
 35.301698  52.362114  48.291247   4.951653  30.821437  43.958836   4.821376   6.665781   5.308200   4.103776  28.713367   3.661514   7.014444   4.180715   3.555935  20.872574   4.007052   6.634225   3.587390  19.768079   4.076677  18.584661   3.405288  20.016970   3.896737  18.885013   3.004687  17.850996   2.922861   9.876192   3.101385  11.226018   3.831756   9.527896   3.255478   9.854945   5.046161   4.562822   4.341459   8.220403   3.411590   6.907114   4.127008   4.613905   3.986993   5.464609   4.270745   4.272446   4.778768   4.216065
 33.343299  51.065547  51.028482  63.951473  72.630453   9.049873   4.435657   5.077893  29.279518   5.584125   4.346100   4.186899   3.797664  28.546712   3.611731  24.613948   3.573939  23.586289   3.105686  20.231508   3.168409  25.035959   3.446710  15.725773   3.565765  14.886975   3.503617  15.677761   3.356837  17.397071   3.821228  12.829152   2.939663   9.732648   3.849126   9.195009   3.848504   8.163866   3.511319   8.385994   3.858275   6.771947   3.575751   7.828213   4.105505   4.852609   4.355533   4.100982   6.691748   5.034944
 36.539473  44.811698  51.854618   4.742304   5.639746  35.305952   4.432528   6.024856   3.774462   3.925011   5.613116   3.509271   5.046157   3.679995   6.640651   3.206024  22.301897   3.201930  25.509820   3.487601  21.451519   2.652048  21.067988   3.234470  24.899542   3.383219  18.886296   3.272192  11.509935   3.183596  10.616048   2.860416  10.354793   3.091242  10.256454   3.470975   9.408080   3.161131   8.378994   4.506482   4.234926   3.404124   8.266734   3.736895   7.809344   3.699866   4.321810   3.492986   6.452238   4.714900
 32.994467  51.591282  62.146852   6.321842   5.486780  34.753673   4.981288   4.342691   5.648817   3.783119   4.981554   3.854014   4.552490   3.520813   5.191775   3.433971  27.293231   3.107634  19.928647   3.046077  22.961845   2.934299  22.825468   3.770327  22.913300   2.913279  20.329967   2.846004  14.271602   3.355747  11.672514   3.230974   9.801532   3.890501   8.750973   3.587809  10.211169   2.967988   7.133053   4.243271   6.893754   3.518591   7.528988   4.058686   4.315573   5.093815   7.064626   4.622902   3.930153   6.451811
