0.1000000
0.1183673
0.1367347
0.1551020
0.1734694
0.1918367
0.2102041
0.2285714
0.2469388
0.2653061
0.2836735
0.3020408
0.3204082
0.3387755
0.3571429
0.3755102
0.3938776
0.4122449
0.4306122
0.4489796
0.4673469
0.4857143
0.5040816
0.5224490
0.5408163
0.5591837
0.5775510
0.5959184
0.6142857
0.6326531
0.6510204
0.6693878
0.6877551
0.7061224
0.7244898
0.7428571
0.7612245
0.7795918
0.7979592
0.8163265
0.8346939
0.8530612
0.8714286
0.8897959
0.9081633
0.9265306
0.9448980
0.9632653
0.9816327
1.0000000
