0.01000000
0.03020408
0.05040816
0.07061224
0.09081633
0.11102041
0.13122449
0.15142857
0.17163265
0.19183673
0.21204082
0.23224490
0.25244898
0.27265306
0.29285714
0.31306122
0.33326531
0.35346939
0.37367347
0.39387755
0.41408163
0.43428571
0.45448980
0.47469388
0.49489796
0.51510204
0.53530612
0.55551020
0.57571429
0.59591837
0.61612245
0.63632653
0.65653061
0.67673469
0.69693878
0.71714286
0.73734694
0.75755102
0.77775510
0.79795918
0.81816327
0.83836735
0.85857143
0.87877551
0.89897959
0.91918367
0.93938776
0.95959184
0.97979592
1.00000000
